system,composition,steps,atoms_mean,enthalpy_mean,enthalpy/atoms_mean,atoms_sem,enthalpy_sem,enthalpy/atoms_sem,atoms_count,enthalpy_count,enthalpy/atoms_count
Al-Ag,Ag0.00,667,19652,-64518.0213,-3.283025712395685,0.0,5.898420494882588,0.0003001435220273587,10,10,10
Al-Ag,Ag0.01,667,19652,-64448.80530000001,-3.279503628129452,0.0,6.669293159364904,0.0003393696905844578,10,10,10
Al-Ag,Ag0.02,667,19652,-64387.287599999996,-3.276373274984734,0.0,9.357738881921126,0.0004761723428619147,10,10,10
Al-Ag,Ag0.04,667,19652,-64241.138600000006,-3.268936423773662,0.0,8.11650228060761,0.00041301151438059147,10,10,10
Al-Ag,Ag0.06,667,19652,-64129.85440000001,-3.2632736820679833,0.0,11.914535243605105,0.0006062759639530352,10,10,10
Al-Ag,Ag0.08,667,19652,-63992.221,-3.2562701506208023,0.0,9.601475342651415,0.0004885749716391267,10,10,10
Al-Ag,Ag0.10,667,19652,-63859.19859999999,-3.24950125178099,0.0,8.41346041134933,0.0004281223494478225,10,10,10
Al-Ag,Ag0.90,667,19652,-56288.04059999999,-2.864239802564624,0.0,14.06081277340978,0.0007154901675864262,10,10,10
Al-Ag,Ag0.92,667,19652,-55979.3816,-2.8485335640138407,0.0,15.172231760833226,0.0007720451740704991,10,10,10
Al-Ag,Ag0.94,667,19652,-55624.8085,-2.8304909678404235,0.0,3.7824528028186997,0.00019247164679516628,10,10,10
Al-Ag,Ag0.96,667,19652,-55274.7296,-2.8126770608589453,0.0,5.757067953972956,0.0002929507405848271,10,10,10
Al-Ag,Ag0.98,667,19652,-54923.126000000004,-2.7947855688988397,0.0,12.399475773865515,0.0006309523597530311,10,10,10
Al-Ag,Ag0.99,667,19652,-54741.1831,-2.785527330551598,0.0,14.544779746585633,0.0007401170235388653,10,10,10
Al-Ag,Ag1.00,667,19652,-54561.40089999999,-2.776379040301242,0.0,9.258610676254772,0.00047112816386394744,10,10,10
Al-Sm,Sm0.00,667,19652,-75045.97989999999,-3.818745160797883,0.0,12.179845476533089,0.0006197763828889429,10,10,10
Al-Sm,Sm0.01,667,19652,-75588.58729999998,-3.8463559586810505,0.0,9.63128041684049,0.0004900916149419317,10,10,10
Al-Sm,Sm0.02,667,19652,-76108.9928,-3.8728370038672906,0.0,11.09791600436836,0.0005647219623635127,10,10,10
Cu-Al,Al0.98,667,19652,-65183.778399999996,-3.3169030327702003,0.0,4.424388857232101,0.0002251368235921869,10,10,10
Cu-Al,Al0.99,667,19652,-64902.0674,-3.3025680541420726,0.0,6.468377598748968,0.00032914602069757874,10,10,10
Cu-Al,Al1.00,667,19652,-64662.1982,-3.290362212497455,0.0,9.047040566825196,0.00046036233293436174,10,10,10
Cu-Ni,Ni0.00,667,19652,-67810.53559999999,-3.4505666395277834,0.0,4.56747023635733,0.00023241757766919723,10,10,10
Cu-Ni,Ni0.01,667,19652,-67955.62620000001,-3.457949633625076,0.0,6.8168458848497195,0.0003468779709367252,10,10,10
Cu-Ni,Ni0.02,667,19652,-68095.48140000002,-3.4650662222674535,0.0,9.950685226210066,0.0005063446583661082,10,10,10
Cu-Ni,Ni0.04,667,19652,-68403.4107,-3.4807353297374313,0.0,9.714863405056136,0.0004943447692375066,10,10,10
Cu-Ni,Ni0.06,667,19652,-68716.2971,-3.4966566812538162,0.0,6.294558041939666,0.0003203011419671722,10,10,10
Cu-Ni,Ni0.08,667,19652,-69046.4013,-3.5134541675147566,0.0,4.137530672730619,0.0002105399283905311,10,10,10
Cu-Ni,Ni0.10,667,19652,-69355.67360000001,-3.52919161408508,0.0,4.441995895742032,0.00022603276489620153,10,10,10
Cu-Ni,Ni0.90,667,19652,-82998.65819999999,-4.2234204254019945,0.0,9.344245221049139,0.0004754857124491018,10,10,10
Cu-Ni,Ni0.92,667,19652,-83346.9468,-4.241143232240994,0.0,8.221390705281188,0.0004183488044617969,10,10,10
Cu-Ni,Ni0.94,667,19652,-83688.0182,-4.258498788927335,0.0,6.417910654826725,0.00032657798976318443,10,10,10
Cu-Ni,Ni0.96,667,19652,-84098.1071,-4.279366329126807,0.0,9.015094284896099,0.0004587367334061753,10,10,10
Cu-Ni,Ni0.98,667,19652,-84473.5178,-4.298469255037655,0.0,6.241485255572802,0.0003176005116819487,10,10,10
Cu-Ni,Ni0.99,667,19652,-84670.4303,-4.3084892275595355,0.0,7.4133024040862185,0.00037722890311856123,10,10,10
Cu-Ni,Ni1.00,667,19652,-84839.0533,-4.317069677386526,0.0,4.600283969616837,0.00023408731781056856,10,10,10
La-Al,Al0.00,667,19652,-86409.84210000001,-4.396999903317728,0.0,27.488419100677632,0.001398759368037599,10,10,10
La-Al,Al0.01,667,19652,-86389.0567,-4.395942229798494,0.0,22.12460429177695,0.0011258194734265583,10,10,10
La-Al,Al0.02,667,19652,-86472.9426,-4.400210797883167,0.0,12.000790512109413,0.0006106650983161714,10,10,10
La-Al,Al0.98,667,19652,-65670.2502,-3.341657347852636,0.0,327.3317428102501,0.01665640865104053,10,10,10
La-Al,Al0.99,667,19652,-65189.1054,-3.317174099328313,0.0,5.715623965549068,0.00029084184640486505,10,10,10
La-Al,Al1.00,667,19652,-64491.62869999999,-3.2816827142275597,0.0,5.229550847614165,0.0002661078184212036,10,10,10
Mg-Cu,Cu0.00,667,19652,-28492.694200000005,-1.449862314268268,0.0,1.6449124920999183,8.370204010277346e-05,10,10,10
Mg-Cu,Cu0.01,667,19652,-28955.680700000004,-1.4734215703236309,0.0,10.304554203576483,0.0005243514249733553,10,10,10
Mg-Cu,Cu0.02,667,19652,-29451.8442,-1.4986690514960308,0.0,1.6259259638742973,8.273590290423024e-05,10,10,10
Mg-Cu,Cu0.90,667,19652,-64918.56559999999,-3.303407571748423,0.0,12.006801449548684,0.0006109709673086661,10,10,10
Mg-Cu,Cu0.92,667,19652,-65411.06519999999,-3.328468613881539,0.0,7.196980957781434,0.0003662212984827185,10,10,10
Mg-Cu,Cu0.94,667,19652,-65981.02049999998,-3.3574710207612455,0.0,7.241474797994513,0.0003684853856093109,10,10,10
Mg-Cu,Cu0.96,667,19652,-66572.51729999999,-3.3875695756157134,0.0,2.8963799322998685,0.00014738346897511282,10,10,10
Mg-Cu,Cu0.98,667,19652,-67156.74380000001,-3.4172981783024623,0.0,3.3261422793116937,0.00016925210051454439,10,10,10
Mg-Cu,Cu0.99,667,19652,-67463.59349999999,-3.4329123498880514,0.0,8.856964874228941,0.00045069025413342086,10,10,10
Mg-Cu,Cu1.00,667,19652,-67743.06270000001,-3.4471332536128636,0.0,4.563350886380151,0.00023220796287292325,10,10,10
Mg-Y,Y0.00,667,19652,-28382.1173,-1.4442355638102993,0.0,23.332078330082894,0.0011872622801792584,10,10,10
Mg-Y,Y0.01,667,19652,-29028.989299999997,-1.4771519082027276,0.0,13.74679190538654,0.0006995110882040669,10,10,10
Mg-Y,Y0.02,667,19652,-29696.101300000002,-1.5110981732139224,0.0,14.292548100360454,0.0007272821137980808,10,10,10
Mg-Y,Y0.90,667,19652,-79240.69330000001,-4.032194855485447,0.0,2.871135102861749,0.00014609887557814872,10,10,10
Mg-Y,Y0.92,667,19652,-80191.1088,-4.08055713413393,0.0,12.175388610544234,0.0006195495934532698,10,10,10
Mg-Y,Y0.94,667,19652,-81177.58459999999,-4.130754355790759,0.0,11.997570373667045,0.000610501240263995,10,10,10
Mg-Y,Y0.96,667,19652,-82213.76299999999,-4.1834807144311,0.0,9.7512369836404,0.0004961956535538349,10,10,10
Mg-Y,Y0.98,667,19652,-83257.4877,-4.236591069611235,0.0,7.366284119856597,0.0003748363586329446,10,10,10
Mg-Y,Y0.99,667,19652,-83798.9011,-4.26414111031956,0.0,6.400528199470907,0.0003256934764640231,10,10,10
Mg-Y,Y1.00,667,19652,-84236.24969999999,-4.286395771422756,0.0,7.3298609385768145,0.0003729829502634972,10,10,10
Ni-Zr,Zr0.00,667,19652,-85359.38840000001,-4.343547140240179,0.0,8.789965917263393,0.00044728098500220045,10,10,10
Ni-Zr,Zr0.01,667,19652,-86271.1086,-4.389940392835333,0.0,4.576843349829461,0.00023289453235447085,10,10,10
Ni-Zr,Zr0.02,667,19652,-87219.3613,-4.438192616527581,0.0,7.675444499687903,0.0003905681101000324,10,10,10
Ni-Zr,Zr0.04,667,19652,-89019.3347,-4.5297849938937516,0.0,6.668247622626422,0.00033931648802297483,10,10,10
Ni-Zr,Zr0.06,667,19652,-90806.9777,-4.6207499338489715,0.0,9.535010177761768,0.0004851928647342696,10,10,10
Ni-Zr,Zr0.08,667,19652,-92558.50989999999,-4.709877361082841,0.0,6.170441389668334,0.00031398541571690374,10,10,10
Ni-Zr,Zr0.10,667,19652,-94242.46440000001,-4.795566069611236,0.0,5.551513631834621,0.00028249102543431503,10,10,10
Ni-Zr,Zr0.90,667,19652,-120780.85500000001,-6.1459828516181565,0.0,14.621518483993782,0.0007440219053528056,10,10,10
Ni-Zr,Zr0.92,667,19652,-121117.942,-6.16313566049257,0.0,22.633726152703336,0.001151726346056628,10,10,10
Ni-Zr,Zr0.94,667,19652,-121455.31399999998,-6.180302971707714,0.0,13.718433195278909,0.000698068043724793,10,10,10
Ni-Zr,Zr0.96,667,19652,-121803.60299999997,-6.1980257989008765,0.0,15.497118517109037,0.0007885771685887216,10,10,10
Ni-Zr,Zr0.98,667,19652,-122110.143,-6.213624211276207,0.0,12.825528540115615,0.0006526322277689666,10,10,10
Ni-Zr,Zr0.99,667,19652,-122233.406,-6.219896499084063,0.0,13.411621179657061,0.0006824557897242029,10,10,10
Ni-Zr,Zr1.00,667,19652,-122357.298,-6.226200793812334,0.0,13.741662425712345,0.0006992500725480023,10,10,10
Pd-Si,Si0.00,667,19652,-74741.4601,-3.8032495471198864,0.0,3.692328673374948,0.00018788564387211686,10,10,10
Pd-Si,Si0.01,667,19652,-75464.86480000001,-3.8400602890291062,0.0,3.199555718463837,0.00016281069196337234,10,10,10
Pd-Si,Si0.02,667,19652,-76215.2442,-3.878243649501323,0.0,2.3152134089305467,0.00011781057444182545,10,10,10
Pd-Si,Si0.04,667,19652,-77656.6056,-3.951587909627519,0.0,2.260160649157415,0.00011500919240574438,10,10,10
Pd-Si,Si0.06,667,19652,-79131.99750000001,-4.026663825564828,0.0,2.1561266467136586,0.00010971537994677675,10,10,10
Pd-Si,Si0.08,667,19652,-80627.00270000001,-4.102737772236922,0.0,2.798468001723191,0.0001424011806289986,10,10,10
Pd-Si,Si0.10,667,19652,-82085.92840000002,-4.176975798900875,0.0,3.8285429871494996,0.00019481696454036335,10,10,10
Pd-Si,Si0.98,667,19652,-89054.7936,-4.5315893344188884,0.0,18.404795593176512,0.0009365354973120698,10,10,10
Pd-Si,Si0.99,667,19652,-88942.6481,-4.525882765112965,0.0,25.1969976299861,0.0012821594560342355,10,10,10
Pd-Si,Si1.00,667,19652,-88808.5203,-4.519057617545288,0.0,15.685428463704014,0.0007981593966876558,10,10,10
Zr-Al,Al0.00,667,19652,-121599.30299999999,-6.187629910441686,0.0,2.0443428990488055,0.00010402721855532015,10,10,10
Zr-Al,Al0.01,667,19652,-121222.509,-6.168456594748626,0.0,5.344800474395374,0.00027197234247898413,10,10,10
Zr-Al,Al0.02,667,19652,-120844.794,-6.14923641359658,0.0,3.3016525155343106,0.00016800592894021182,10,10,10
Zr-Al,Al0.04,667,19652,-120122.65400000001,-6.112490026460411,0.0,2.9522109229079123,0.0001502244516032771,10,10,10
Zr-Al,Al0.06,667,19652,-119389.451,-6.075180694076939,0.0,12.07216425869462,0.000614296980393507,10,10,10
Zr-Al,Al0.08,667,19652,-118631.335,-6.036603653572155,0.0,14.989004062238042,0.0007627215582248945,10,10,10
Zr-Al,Al0.10,667,19652,-117916.89100000002,-6.000248880521067,0.0,18.243042475907124,0.0009283046242575323,10,10,10
Zr-Al,Al0.90,667,19652,-72742.1693,-3.7015148229187864,0.0,2.600056824379029,0.000132304947302024,10,10,10
Zr-Al,Al0.92,667,19652,-71210.53199999999,-3.623576836963159,0.0,4.611975016797247,0.0002346822214938029,10,10,10
Zr-Al,Al0.94,667,19652,-69615.7053,-3.5424234327294926,0.0,3.921642354507216,0.00019955436365300084,10,10,10
Zr-Al,Al0.96,667,19652,-67906.1495,-3.4554319916547933,0.0,7.368672680491804,0.0003749579015109517,10,10,10
Zr-Al,Al0.98,667,19652,-66168.11549999999,-3.366991425809078,0.0,8.412824531960402,0.00042808999246684914,10,10,10
Zr-Al,Al0.99,667,19652,-65291.77089999999,-3.3223982749847343,0.0,7.457051410801608,0.0003794550890903056,10,10,10
Zr-Al,Al1.00,667,19652,-64502.75750000001,-3.282249007734582,0.0,12.960422952846443,0.0006594963847366978,10,10,10
Zr-Cu,Cu0.00,667,19652,-122074.90900000001,-6.211831314878895,0.0,5.435567935163471,0.00027659108157768967,10,10,10
Zr-Cu,Cu0.01,667,19652,-121583.07799999998,-6.186804294728272,0.0,5.546893785412998,0.0002822559426731968,10,10,10
Zr-Cu,Cu0.02,667,19652,-121034.03400000001,-6.158865967840423,0.0,6.067241950745506,0.0003087340703615605,10,10,10
Zr-Cu,Cu0.04,667,19652,-120050.32200000001,-6.108809383268879,0.0,8.530678076475748,0.0004340870179359012,10,10,10
Zr-Cu,Cu0.06,667,19652,-119058.5,-6.058340118054142,0.0,11.14225839864728,0.0005669783431023773,10,10,10
Zr-Cu,Cu0.08,667,19652,-118045.13100000001,-6.00677442499491,0.0,17.777047839528542,0.0009045922979608444,10,10,10
Zr-Cu,Cu0.10,667,19652,-117043.26800000001,-5.955794219417871,0.0,6.374167797534401,0.0003243521167072946,10,10,10
Zr-Cu,Cu0.90,667,19652,-73943.6863,-3.762654503358436,0.0,10.78817863532876,0.0005489608505663875,10,10,10
Zr-Cu,Cu0.92,667,19652,-72810.6058,-3.704997242010992,0.0,6.905054208170571,0.00035136648728732007,10,10,10
Zr-Cu,Cu0.94,667,19652,-71601.611,-3.6434770506818643,0.0,8.1619704674246,0.00041532518152984804,10,10,10
Zr-Cu,Cu0.96,667,19652,-70319.7868,-3.5782509057602283,0.0,5.987673511845108,0.0003046851980380593,10,10,10
Zr-Cu,Cu0.98,667,19652,-69018.5247,-3.5120356554040306,0.0,5.54959344867371,0.00028239331613436015,10,10,10
Zr-Cu,Cu0.99,667,19652,-68357.86050000001,-3.478417489314065,0.0,4.583574003985821,0.00023323702442418773,10,10,10
Zr-Cu,Cu1.00,667,19652,-67796.6696,-3.4498610624872783,0.0,7.164679411607965,0.0003645776211890596,10,10,10
